3 48 480 6 90
  0   -8.000    4.000  0  0    0 1440
  1   -6.700    4.000  0  0    0 1440
  2   -3.000    6.000  0  0    0 1440  
  3   -2.973    6.414 10  1    0 1440
  4   -3.066    0.546 10  1    0 1440
  5    5.164    0.547 10  1    0 1440
  6   -1.317    6.934 10  1    0 1440
  7   -6.741    6.832 10  1    0 1440
  8    4.891    0.627 10  1    0 1440
  9    0.524    2.226 10  1    0 1440
 10   -6.500    7.723 10  1    0 1440
 11   -0.417   -0.157 10  1    0 1440
 12    2.303    1.164 10  1    0 1440
 13    2.548    0.629 10  1    0 1440
 14   -4.261   -2.639 10  1    0 1440
 15   -7.667    9.934 10  1  455  544
 16   -2.067    5.789 10  1  127  199
 17   -5.204    0.657 10  1  239  323
 18   -4.138    5.082 10  1   84  143
 19   -9.194    2.759 10  1  264  342
 20   -6.512    3.021 10  1   71  158
 21    1.860    9.672 10  1  418  454
 22   -4.094    8.321 10  1  400  488
 23   -3.776   -3.333 10  1  233  306
 24    2.377    2.908 10  1  154  222
 25   -4.303    2.045 10  1  470  523
 26   -3.530   -2.490 10  1  259  306 
 27   -7.000   -9.000  0  0  421  494
 28   -5.000    1.500  0  0  302  382
 29    1.000    2.000  0  0  512  575
 30   -5.476    1.437 10 -1  451  532
 31   -4.933    3.337 10 -1  163  201
 32    5.740    2.382 10 -1  464  543
 33   -2.275    5.541 10 -1  421  505
 34   -5.662    7.334 10 -1  402  433
 35   -3.856   -0.370 10 -1  319  363
 36   -1.678    1.954 10 -1  452  522
 37   -1.156    1.161 10 -1  371  426
 38   -4.655    9.797 10 -1  264  340
 39    1.623    0.932 10 -1  219  269
 40    0.129    0.735 10 -1  427  468
 41   -2.640    2.953 10 -1  195  231
 42    0.435    1.469 10 -1    0 1440
 43   -5.066   -2.313 10 -1    0 1440
 44   -2.283   -0.981 10 -1    0 1440
 45   -7.110   -1.862 10 -1    0 1440
 46   -0.785    3.207 10 -1    0 1440
 47    1.188   -2.493 10 -1    0 1440
 48   -1.893   -2.373 10 -1    0 1440
 49   -1.192    1.175 10 -1    0 1440
 50    2.984    1.163 10 -1    0 1440
 51    1.227   -5.581 10 -1    0 1440
 52   -3.793   -2.161 10 -1    0 1440
 53    4.288   -0.297 10 -1    0 1440