5 96 480 6 90
  0   -8.000   -2.000  0  0    0 1440
  1   -6.700    2.000  0  0    0 1440
  2   -3.000    6.000  0  0    0 1440
  3   -5.063    3.933  0  0    0 1440
  4    3.022    2.479  0  0    0 1440
  5    3.359    3.075 10  1    0 1440
  6    4.883    6.531 10  1    0 1440
  7    8.618    5.934 10  1    0 1440
  8    3.927   -3.306 10  1    0 1440
  9   -2.337    8.685 10  1    0 1440
 10    4.813    9.559 10  1    0 1440
 11   -1.636    9.331 10  1    0 1440
 12   -5.770   -6.560 10  1    0 1440
 13    0.715    3.268 10  1    0 1440
 14    4.295    6.870 10  1    0 1440
 15    3.708   -0.211 10  1    0 1440
 16    7.776    5.582 10  1    0 1440
 17   -1.746   -5.657 10  1    0 1440
 18    5.857    5.989 10  1    0 1440
 19    5.778    1.534 10  1    0 1440
 20   -2.233    3.607 10  1    0 1440
 21   -0.708    3.049 10  1    0 1440
 22    5.566    6.042 10  1    0 1440
 23   -1.431    1.146 10  1    0 1440
 24   -2.972    2.427 10  1    0 1440
 25    4.322    0.074 10  1    0 1440
 26    4.518    3.547 10  1    0 1440
 27    6.448    0.224 10  1    0 1440
 28    5.508    7.224 10  1    0 1440
 29    1.693    1.574 10  1  390  406
 30    4.504   -0.372 10  1  467  492
 31   -7.678    0.594 10  1  147  167 
 32    3.617    0.026 10  1  373  415
 33    2.922    0.894 10  1  105  128
 34    6.506    0.522 10  1  219  248
 35    4.217   -2.228 10  1  144  168
 36    2.557    3.173 10  1   96  138
 37    3.156    3.726 10  1  430  448
 38    6.650   -5.417 10  1   68   92
 39    4.658   -1.794 10  1  337  352
 40    6.506    4.088 10  1   93  114
 41   -0.272    2.477 10  1  477  517
 42   -4.000    0.387 10  1  145  176
 43   -7.350    5.704 10  1  427  466
 44    8.115   -2.571 10  1   67  101
 45    1.201   -0.796 10  1  430  474
 46    4.276    3.809 10  1   69   86
 47    0.386   -2.318 10  1  131  169
 48   -0.737    2.439 10  1   66   89
 49    3.594   -1.183 10  1   86  112
 50    5.208    0.969 10  1  375  397
 51    3.073    3.070 10  1  352  392
 52    4.122    7.792 10  1  141  173
 53   -7.000   -9.000  0  0  421  499
 54   -5.000    1.500  0  0  437  524
 55    4.000    2.000  0  0  452  540
 56    6.000   -3.000  0  0  512  575
 57    5.000   -1.400  0  0  307  398
 58    6.888   -4.055 10 -1  459  480
 59    7.631    8.667 10 -1  432  465
 60    6.393    7.854 10 -1  155  199
 61    2.915   -0.996 10 -1  413  434
 62    8.552    3.995 10 -1  401  417
 63    3.177    0.387 10 -1  377  412
 64   -2.054    1.909 10 -1  426  464
 65    5.535    4.382 10 -1  206  243
 66    3.541    1.028 10 -1  380  406
 67    2.546   -0.029 10 -1  414  457
 68    1.240    0.024 10 -1  118  158
 69    1.836    2.092 10 -1  148  169
 70    2.796   -1.504 10 -1  165  208
 71   -0.319    1.988 10 -1  255  298
 72    0.933   -4.135 10 -1  395  429
 73   -2.058    3.818 10 -1  281  318
 74    2.782    2.873 10 -1  426  453
 75    5.903    4.231 10 -1  211  228
 76    5.631    5.873 10 -1  220  241
 77   -5.165   -0.034 10 -1  195  215
 78    0.258    3.272 10 -1  164  181
 79    1.513   -0.305 10 -1  431  449
 80    6.659    3.494 10 -1  417  439 
 81    1.948    2.014 10 -1  376  401
 82   -0.117    2.065 10 -1    0 1440
 83   -2.120    1.366 10 -1    0 1440
 84    9.885    0.126 10 -1    0 1440
 85    8.259    7.200 10 -1    0 1440
 86    3.002   -3.090 10 -1    0 1440
 87    3.323    4.166 10 -1    0 1440
 88    3.949   -0.854 10 -1    0 1440
 89    5.450    7.081 10 -1    0 1440
 90    0.306    1.025 10 -1    0 1440 
 91    5.183   -1.687 10 -1    0 1440
 92    7.642    1.135 10 -1    0 1440
 93    0.524    0.024 10 -1    0 1440
 94    5.059    3.425 10 -1    0 1440
 95   -0.523   -0.208 10 -1    0 1440
 96    2.419    2.584 10 -1    0 1440
 97    3.363    3.759 10 -1    0 1440
 98    3.144   -0.700 10 -1    0 1440
 99    3.071   -2.817 10 -1    0 1440
100    4.986    0.104 10 -1    0 1440
101   -3.577    1.414 10 -1    0 1440
102   -2.931    0.489 10 -1    0 1440
103    1.905    4.197 10 -1    0 1440
104    2.760    1.393 10 -1    0 1440
105    5.283    5.068 10 -1    0 1440