9 192 480 6 90
  0   -1.839    0.112  0  0    0 1440
  1   -8.000   -2.000  0  0    0 1440
  2   -6.700    2.000  0  0    0 1440
  3   -3.000    6.000  0  0    0 1440
  4   -5.063    3.933  0  0    0 1440
  5    3.022    2.479  0  0    0 1440
  6    1.063    0.933  0  0    0 1440
  7   -1.228    0.916  0  0    0 1440
  8    7.182    4.172  0  0    0 1440
  9   -4.463   -5.564 10  1    0 1440
 10    3.610    6.494 10  1    0 1440
 11   -2.547    4.458 10  1    0 1440
 12   -3.395   -7.306 10  1    0 1440
 13    4.565    3.573 10  1    0 1440
 14    1.495   -3.672 10  1    0 1440
 15   -0.148    4.720 10  1    0 1440
 16    0.215   -4.091 10  1    0 1440
 17    2.299    0.140 10  1    0 1440
 18   -2.886    0.596 10  1    0 1440
 19   -4.812    9.412 10  1    0 1440
 20    0.724    1.732 10  1    0 1440
 21    0.461    2.705 10  1    0 1440
 22   -1.397    2.820 10  1    0 1440
 23    1.295   -1.169 10  1    0 1440
 24   -3.667    2.310 10  1    0 1440
 25   -0.422   -4.931 10  1    0 1440
 26    0.109   -0.714 10  1    0 1440
 27   -5.696    2.791 10  1    0 1440
 28   -8.099   -7.769 10  1    0 1440
 29    7.226    5.903 10  1    0 1440
 30   -2.166    0.164 10  1    0 1440
 31   -2.015   -6.242 10  1    0 1440
 32   -4.816    0.629 10  1    0 1440
 33   -0.508    6.160 10  1    0 1440
 34    1.714   -4.705 10  1    0 1440
 35   -1.606    0.856 10  1    0 1440
 36    0.668   -2.707 10  1    0 1440
 37    1.503   -3.498 10  1    0 1440
 38    3.795    7.391 10  1    0 1440
 39   -4.120   -4.302 10  1    0 1440
 40    3.254    1.179 10  1    0 1440
 41   -2.031   -2.024 10  1    0 1440
 42   -3.548    1.914 10  1    0 1440
 43    5.804    5.666 10  1    0 1440
 44   -3.669   -0.626 10  1    0 1440
 45    0.045   -4.673 10  1    0 1440
 46   -1.969    3.898 10  1    0 1440
 47   -4.734    2.091 10  1    0 1440
 48   -7.924   -5.768 10  1    0 1440
 49    0.560   -3.408 10  1    0 1440
 50    3.445   -0.829 10  1    0 1440
 51    1.850   -5.115 10  1    0 1440
 52   -0.435   -4.452 10  1    0 1440
 53   -1.415   -7.416 10  1    0 1440
 54    1.987    7.752 10  1    0 1440
 55   -5.008    1.787 10  1    0 1440
 56    4.279   -7.988 10  1    0 1440
 57    0.152   -2.903 10  1  254  296
 58    1.473   -0.344 10  1  379  401
 59   -2.617   -4.900 10  1  108  151
 60   -6.387   -0.527 10  1  211  229
 61   -5.414    0.709 10  1  467  504
 62    1.793   -3.409 10  1  217  261
 63   -9.871    3.455 10  1   89  127
 64    2.880   -0.858 10  1  307  350
 65    0.272    9.059 10  1  227  264
 66   -3.102    4.894 10  1  378  422
 67   -4.655    4.232 10  1  429  449
 68    2.729    5.818 10  1  404  424
 69    2.881   -2.803 10  1  202  219
 70   -2.610    1.133 10  1   69   87
 71    0.054   -2.622 10  1  178  198
 72   -5.046    0.781 10  1  453  490
 73    3.000    1.909 10  1  102  137
 74   -1.260    2.206 10  1  471  492
 75    2.201   -0.864 10  1  327  352
 76    0.894    0.287 10  1  195  228
 77   -1.981    0.092 10  1   95  130
 78   -0.423    3.125 10  1  309  328
 79    1.798   -0.041 10  1  255  275
 80   -0.235    4.294 10  1   99  139
 81   -1.652    6.808 10  1  459  499
 82   -0.119    4.202 10  1  409  448
 83    5.663   -4.402 10  1   78  112
 84    5.748    3.550 10  1   67   93
 85   -2.610    0.748 10  1  373  389
 86    0.749   -5.724 10  1  267  282
 87   -2.209    5.578 10  1  158  185
 88    1.987    3.882 10  1  385  410
 89    0.531    4.922 10  1  113  150
 90    1.515    0.630 10  1  291  328
 91    0.548   -3.150 10  1  100  141
 92    0.796   -2.866 10  1  215  235
 93   -7.581    0.401 10  1  300  343
 94   -4.367   -6.165 10  1  201  217
 95   -0.258   -6.214 10  1  122  149
 96   -1.884   -3.688 10  1  439  457
 97    2.084    2.117 10  1  178  215
 98    0.314   -1.922 10  1  450  474
 99   -2.036    1.888 10  1  223  266
100   -0.090   -5.494 10  1  357  376
101   -2.955    0.928 10  1  474  495
102    0.505   -3.505 10  1  129  150
103    2.776    4.871 10  1  325  368
104    1.208   -4.235 10  1  294  331
105    1.146   -4.100  0  0  289  369
106   -7.000   -9.000  0  0  421  499
107   -5.000    1.500  0  0  437  524
108    4.000    2.000  0  0  452  540
109    6.000   -3.000  0  0  512  575
110    5.000   -1.400  0  0  307  398
111   -2.843   -6.230  0  0  345  408
112    4.174   -2.758  0  0  529  594
113   -3.869    5.261  0  0  413  488
114   -5.127    4.114 10 -1  353  371
115   -2.908    0.429 10 -1  279  317
116   -1.855   -1.482 10 -1  473  514
117    0.786   -4.945 10 -1  470  501
118   -1.912   -3.209 10 -1  419  443
119    1.765   -5.227 10 -1  310  325
120    1.691   -6.296 10 -1  372  402
121    1.899    0.622 10 -1  104  119
122   -6.888   -6.454 10 -1  159  175
123   -1.336    2.026 10 -1  208  241
124   -4.444    6.372 10 -1  473  489
125   -0.650    7.144 10 -1  379  423
126   -5.198    2.541 10 -1  170  212
127   -0.074    5.949 10 -1  141  182
128   -6.468    8.304 10 -1  425  462
129   -1.127   -3.594 10 -1  335  367
130   -1.686    0.778 10 -1  423  443
131    1.984   -4.981 10 -1  213  253
132   -1.628   -0.294 10 -1   89  114
133    0.836    6.704 10 -1  230  272
134    3.088    2.432 10 -1  335  350
135    9.352   -2.023 10 -1  451  477
136   -0.933   -5.618 10 -1  271  287
137   -3.444   -6.331 10 -1  238  275
138    2.094   -0.565 10 -1   91  129
139   -0.342    8.959 10 -1  213  229
140   -1.874    4.523 10 -1  413  431
141    0.243   -3.052 10 -1   73   91
142   -2.886    5.662 10 -1   83  104
143    7.688   -2.990 10 -1   60  102
144   -9.047    1.028 10 -1  472  506
145   -3.510    4.655 10 -1  267  307
146   -4.840    4.385 10 -1  410  450
147   -4.100    2.670 10 -1  351  393
148    1.370    3.461 10 -1  144  162
149   -7.147    1.145 10 -1  409  449
150   -3.623    5.190 10 -1  103  140
151   -3.947    0.491 10 -1  167  200
152   -1.657    2.377 10 -1  397  432
153    1.075   -2.855 10 -1  205  246
154   -2.303    4.702 10 -1  253  289
155   -0.881    2.122 10 -1  454  478
156   -4.004    2.744 10 -1  412  456
157   -3.744   -4.104 10 -1  230  271
158    4.822    0.009 10 -1  143  170
159   -0.032    6.824 10 -1  404  424
160   -1.429   -3.342 10 -1   86  110
161   -0.144   -3.481 10 -1  340  383
162   -3.445    4.235 10 -1    0 1440
163    0.868   -6.618 10 -1    0 1440
164   -6.125   -5.137 10 -1    0 1440
165   -0.109    0.991 10 -1    0 1440
166   -1.657    6.655 10 -1    0 1440
167    0.844    5.284 10 -1    0 1440
168   -2.203   -3.690 10 -1    0 1440
169    1.577    1.732 10 -1    0 1440
170    0.900   -1.869 10 -1    0 1440
171   -0.458    0.349 10 -1    0 1440
172    0.887    4.066 10 -1    0 1440
173    2.609   -3.397 10 -1    0 1440
174   -3.250    3.953 10 -1    0 1440
175   -3.263   -8.258 10 -1    0 1440
176   -9.849    2.202 10 -1    0 1440
177   -5.905    0.416 10 -1    0 1440
178    0.743   -0.257 10 -1    0 1440
179   -5.960    1.247 10 -1    0 1440
180   -1.122   -3.183 10 -1    0 1440
181   -1.681   -3.504 10 -1    0 1440
182    2.186    1.814 10 -1    0 1440
183    4.504   -6.132 10 -1    0 1440
184   -4.882    2.557 10 -1    0 1440
185   -3.218   -1.674 10 -1    0 1440
186    1.244   -4.149 10 -1    0 1440
187   -2.108   -7.708 10 -1    0 1440
188   -1.782   -1.852 10 -1    0 1440
189    4.833    9.352 10 -1    0 1440
190   -1.868    4.901 10 -1    0 1440
191    1.214    3.004 10 -1    0 1440
192    0.311   -4.030 10 -1    0 1440
193    1.713    3.708 10 -1    0 1440
194    2.258    0.084 10 -1    0 1440
195   -3.043    5.294 10 -1    0 1440
196    3.377   -6.711 10 -1    0 1440
197    0.541    0.153 10 -1    0 1440
198    7.216    3.010 10 -1    0 1440
199   -2.411   -3.462 10 -1    0 1440
200    1.741    7.515 10 -1    0 1440
201    1.064   -6.005 10 -1    0 1440
202   -0.518   -4.900 10 -1    0 1440
203   -1.934    2.112 10 -1    0 1440
204   -4.680   -1.466 10 -1    0 1440
205   -1.678    4.344 10 -1    0 1440
206    1.409   -1.361 10 -1    0 1440
207   -2.106    2.602 10 -1    0 1440
208    3.981   -4.067 10 -1    0 1440
209    5.206    3.033 10 -1    0 1440