11 240 480 6 90
  0    0.868   -1.044  0  0    0 1440
  1   -1.839    0.112  0  0    0 1440
  2   -8.000   -2.000  0  0    0 1440
  3   -6.700    2.000  0  0    0 1440
  4   -3.000    6.000  0  0    0 1440
  5   -5.063    3.933  0  0    0 1440
  6    3.022    2.479  0  0    0 1440
  7    1.063    0.912  0  0    0 1440
  8   -1.228    0.916  0  0    0 1440
  9    7.182    4.172  0  0    0 1440
 10    2.543    7.528  0  0    0 1440
 11    6.599   -4.983 10  1    0 1440
 12   -3.694   -3.674 10  1    0 1440
 13   -0.273    1.877 10  1    0 1440
 14    3.112   -3.591 10  1    0 1440
 15    0.279    0.801 10  1    0 1440
 16    3.115    4.367 10  1    0 1440
 17   -3.630   -2.131 10  1    0 1440
 18    5.281    3.505 10  1    0 1440
 19    1.127    2.066 10  1    0 1440
 20   -0.062    2.311 10  1    0 1440
 21    4.309   -1.236 10  1    0 1440
 22    0.685    1.907 10  1    0 1440
 23   -0.685    2.532 10  1    0 1440
 24   -2.793   -2.371 10  1    0 1440
 25    3.324   -3.049 10  1    0 1440
 26    6.388   -5.288 10  1    0 1440
 27   -1.367   -4.394 10  1    0 1440
 28   -0.065   -2.750 10  1    0 1440
 29    5.941   -4.926 10  1    0 1440
 30    2.717   -0.571 10  1    0 1440
 31    7.000   -2.084 10  1    0 1440
 32    3.533   -6.517 10  1    0 1440
 33   -1.439   -4.224 10  1    0 1440
 34    1.937    3.027 10  1    0 1440
 35   -3.979    1.010 10  1    0 1440
 36   -1.575   -4.020 10  1    0 1440
 37   -2.842   -4.050 10  1    0 1440
 38    2.708    0.973 10  1    0 1440
 39    2.220   -0.922 10  1    0 1440
 40   -0.083   -0.653 10  1    0 1440
 41    1.022    7.553 10  1    0 1440
 42    0.745    1.850 10  1    0 1440
 43    4.891   -2.029 10  1    0 1440
 44   -1.896   -2.968 10  1    0 1440
 45    1.682   -0.666 10  1    0 1440
 46    0.251   -3.042 10  1    0 1440
 47    1.542    0.491 10  1    0 1440
 48    6.031    8.980 10  1    0 1440
 49    4.040   -4.537 10  1    0 1440
 50   -2.684   -5.427 10  1    0 1440
 51    6.917    7.258 10  1    0 1440
 52   -2.282    4.617 10  1    0 1440
 53   -1.426   -3.025 10  1    0 1440
 54    7.605    1.207 10  1    0 1440
 55    6.304    6.002 10  1    0 1440
 56   -2.024   -8.197 10  1    0 1440
 57   -4.117   -4.202 10  1    0 1440
 58    7.920   -2.902 10  1    0 1440
 59   -2.073   -0.707 10  1    0 1440
 60   -0.416   -5.350 10  1    0 1440
 61    3.959   -4.046 10  1    0 1440
 62   -4.713   -7.785 10  1    0 1440
 63   -0.123    4.918 10  1    0 1440
 64   -0.037   -2.726 10  1    0 1440
 65    3.154   -0.872 10  1    0 1440
 66   -0.013   -2.026 10  1    0 1440
 67    6.639   -2.669 10  1    0 1440
 68    0.610   -6.409 10  1    0 1440
 69    1.354   -2.087 10  1    0 1440
 70    5.421   -0.654 10  1    0 1440
 71    2.205   -3.414 10  1  439  465
 72   -0.972    0.471 10  1  220  241
 73   -1.158   -4.686 10  1  159  176
 74   -0.290   -0.030 10  1  161  188
 75    1.384   -4.445 10  1   87  118
 76    1.748    2.775 10  1  396  416
 77    0.297   -4.369 10  1  178  197
 78   -4.435   -3.820 10  1  275  309
 79   -5.940    0.151 10  1  198  222
 80   -1.345   -7.553 10  1  148  171
 81   -0.552   -5.195 10  1  169  193
 82   -0.959   -2.688 10  1  209  238
 83    1.932    2.950 10  1  449  467
 84    2.625    3.674 10  1  250  290
 85    4.371   -2.803 10  1  207  230
 86   -5.203   -3.534 10  1  308  330
 87   -0.844   -0.012 10  1  339  383
 88    8.911    6.212 10  1  261  303
 89    0.607   -1.613 10  1   81  117
 90    2.709   -0.510 10  1  197  215
 91    2.753   -1.534 10  1  177  195
 92    4.251    3.206 10  1  192  223
 93    2.531    1.269 10  1  176  215
 94    4.778   -1.277 10  1  146  179
 95   -0.314   -1.384 10  1  119  146
 96    1.248   -7.810 10  1  432  459
 97   -2.104   -0.343 10  1  361  383
 98   -0.315   -5.543 10  1  425  459
 99    5.301    8.490 10  1  208  232
100    3.564   -4.755 10  1  274  310
101    4.343   -1.844 10  1  311  329
102    0.660   -5.458 10  1  464  486
103    8.795    9.401 10  1   92  120
104    3.910   -4.874 10  1  130  148
105   -4.834   -2.648 10  1  129  158
106    7.200   -0.925 10  1  163  191
107   -3.773    0.335 10  1  321  352
108   -6.597   -3.675 10  1   62  103
109   -1.667   -3.528 10  1  223  244
110    1.074   -0.467 10  1  272  302
111    1.559   -0.582 10  1  323  349
112    2.161   -1.811 10  1  451  476
113    0.978    4.928 10  1  326  365
114    9.415   -0.449 10  1  476  520
115    1.038   -1.630 10  1  114  144
116   -0.145   -0.086 10  1  350  386
117   -0.622    2.530 10  1  313  347
118   -0.625    1.022 10  1  477  512
119   -1.744   -7.080 10  1  100  119
120   -5.509   -4.385 10  1  401  423
121   -0.944    2.372 10  1  336  352
122    0.898    3.541 10  1  356  379
123   -1.675   -0.081 10  1  320  356
124    6.685   -3.784 10  1  135  150
125    1.472   -2.372 10  1  448  483
126    3.347    2.003 10  1  287  318
127    6.639   -7.011 10  1   91  120
128   -0.566    0.888 10  1  436  472
129   -0.510   -4.673 10  1  176  217
130   -0.883    5.574 10  1  352  379
131    1.146   -4.100  0  0  289  369
132   -7.000   -9.000  0  0  421  499
133   -5.000    1.500  0  0  437  524
134    4.000    2.000  0  0  452  540
135    6.000   -3.000  0  0  512  575
136    5.000   -1.400  0  0  307  398
137   -2.843   -6.230  0  0  345  408
138    4.174   -2.758  0  0  529  594
139   -3.869    5.261  0  0  413  488
140   -5.232    2.679  0  0  294  354
141    2.857   -4.312  0  0  357  409
142    0.585   -0.319 10 -1  223  249
143   -2.573   -3.769 10 -1  117  161
144   -1.536   -2.455 10 -1   78   96
145    4.379   -1.110 10 -1  344  363
146    1.766   -2.560 10 -1  182  211
147   -3.962    5.488 10 -1  229  272
148   -2.455   -4.322 10 -1  290  308
149   -2.689   -1.274 10 -1  156  176
150    3.416   -3.846 10 -1  405  432
151   -4.731   -2.947 10 -1  134  171
152    4.937   -2.559 10 -1   99  135
153    0.370   -1.645 10 -1  185  205
154    2.243   -2.327 10 -1  140  160
155   -3.755   -2.961 10 -1  429  458
156    2.555    0.367 10 -1   95  127
157   -1.522    0.328 10 -1  427  456
158   -1.294   -0.750 10 -1  465  480
159   -2.211    2.643 10 -1  256  271
160   -1.794    0.773 10 -1  119  138
161   -2.123    1.449 10 -1  123  151
162    0.350   -1.971 10 -1  326  357
163    3.260   -1.494 10 -1  220  240
164   -0.574   -2.830 10 -1  339  372
165   -0.613   -3.962 10 -1  207  236
166   -0.246    1.282 10 -1   69   99
167   -0.647    0.847 10 -1  159  177
168   -3.789   -3.612 10 -1  164  195
169    1.085   -1.875 10 -1  179  207
170    5.010    0.864 10 -1  367  386
171    4.684    0.471 10 -1  442  481
172    1.960   -1.041 10 -1  371  409
173   -3.895    5.294 10 -1  182  218
174   -0.064   -2.129 10 -1  395  432
175    4.091   -3.377 10 -1  361  404
176   -0.057   -6.230 10 -1  440  481
177   -0.978    2.679 10 -1  216  247
178    3.426   -2.389 10 -1  237  274
179    2.957   -2.456 10 -1  363  380
180    1.638   -5.889 10 -1  215  232
181    6.188   -1.517 10 -1  303  329
182    4.009   -0.963 10 -1  313  352
183    0.012   -0.464 10 -1  272  312
184   -0.893   -4.390 10 -1  208  246
185   -0.714   -5.743 10 -1  182  199
186    0.755   -2.121 10 -1  462  483
187    0.395    0.730 10 -1  439  474
188   -1.512    9.202 10 -1  474  494
189    8.482   -2.452 10 -1  230  268
190   -5.232    3.068 10 -1  461  479
191    0.754    1.382 10 -1  364  404
192   -2.148    3.036 10 -1  476  493
193    3.605    2.988 10 -1  227  254
194    1.278   -4.094 10 -1  418  436
195   -1.729   -1.025 10 -1  272  293
196   -1.054    1.240 10 -1  141  158
197   -1.585   -5.946 10 -1  318  356
198    2.927   -0.222 10 -1  439  457
199   -1.260   -5.893 10 -1  332  354
200   -1.730   -3.530 10 -1  444  487
201    5.705   -5.035 10 -1  281  313
202    2.694    1.744 10 -1    0 1440
203   -0.620   -0.888 10 -1    0 1440
204    1.698   -1.632 10 -1    0 1440
205    8.371   -3.252 10 -1    0 1440
206    1.245    3.459 10 -1    0 1440
207    1.506    6.700 10 -1    0 1440
208    2.582   -0.584 10 -1    0 1440
209    1.367   -1.483 10 -1    0 1440
210    4.832   -0.516 10 -1    0 1440
211    1.349    1.974 10 -1    0 1440
212   -1.851    6.540 10 -1    0 1440
213    1.755    3.838 10 -1    0 1440
214    3.777   -1.600 10 -1    0 1440
215    4.797   -3.031 10 -1    0 1440
216    3.881    3.624 10 -1    0 1440
217   -1.609   -4.284 10 -1    0 1440
218    2.866   -0.199 10 -1    0 1440
219   -0.586   -0.186 10 -1    0 1440
220    6.052    6.342 10 -1    0 1440
221    6.320   -4.777 10 -1    0 1440
222   -1.531   -2.329 10 -1    0 1440
223   -0.287    0.079 10 -1    0 1440
224    3.206   -1.018 10 -1    0 1440
225   -1.863   -2.567 10 -1    0 1440
226   -0.363    2.543 10 -1    0 1440
227    1.048    2.289 10 -1    0 1440
228    0.182   -0.301 10 -1    0 1440
229   -2.527   -1.218 10 -1    0 1440
230    5.693   -7.551 10 -1    0 1440
231    1.389   -3.623 10 -1    0 1440
232    3.252   -2.952 10 -1    0 1440
233    0.480   -0.729 10 -1    0 1440
234    1.137   -0.834 10 -1    0 1440
235    1.713   -2.465 10 -1    0 1440
236   -3.366   -4.124 10 -1    0 1440
237   -3.239   -5.088 10 -1    0 1440
238    2.304   -1.450 10 -1    0 1440
239   -2.186   -3.950 10 -1    0 1440
240    3.201    7.733 10 -1    0 1440
241    1.383   -7.619 10 -1    0 1440
242   -0.805   -2.118 10 -1    0 1440
243    2.539    4.661 10 -1    0 1440
244    4.954   -5.464 10 -1    0 1440
245    6.342   -0.864 10 -1    0 1440
246    0.230   -0.554 10 -1    0 1440
247    5.242    2.990 10 -1    0 1440
248    0.930   -1.625 10 -1    0 1440
249    3.484   -9.619 10 -1    0 1440
250   -2.106   -4.150 10 -1    0 1440
251    2.845    1.024 10 -1    0 1440
252    1.625   -2.258 10 -1    0 1440
253   -3.664   -3.403 10 -1    0 1440
254   -2.736   -5.018 10 -1    0 1440
255   -5.370    1.133 10 -1    0 1440
256    2.628   -0.599 10 -1    0 1440
257   -3.152    3.459 10 -1    0 1440
258   -1.461   -3.151 10 -1    0 1440
259   -0.424   -3.087 10 -1    0 1440
260   -1.852   -2.949 10 -1    0 1440
261   -1.713   -1.940 10 -1    0 1440
