13 288 480 6 90
  0    0.868   -1.044  0  0    0 1440
  1   -1.839    0.112  0  0    0 1440
  2   -8.000   -2.000  0  0    0 1440
  3   -6.700    2.000  0  0    0 1440
  4   -3.000    6.000  0  0    0 1440
  5   -5.063    3.933  0  0    0 1440
  6    3.022    2.479  0  0    0 1440
  7    1.063    0.912  0  0    0 1440
  8   -1.228    0.916  0  0    0 1440
  9    7.182    4.172  0  0    0 1440
 10    2.543    7.528  0  0    0 1440
 11   -0.268   -0.947  0  0    0 1440
 12    4.316   -8.227  0  0    0 1440
 13   -6.617   -3.781 10  1    0 1440
 14    0.267   -3.522 10  1    0 1440
 15    3.875    0.862 10  1    0 1440
 16    6.265    2.067 10  1    0 1440
 17    6.097   -0.611 10  1    0 1440
 18   -9.854   -3.953 10  1    0 1440
 19    0.841   -8.127 10  1    0 1440
 20   -1.457    2.606 10  1    0 1440
 21   -3.419   -7.670 10  1    0 1440
 22    5.514   -3.391 10  1    0 1440
 23    1.587    0.872 10  1    0 1440
 24   -6.342   -2.028 10  1    0 1440
 25   -0.936   -4.221 10  1    0 1440
 26   -5.362    0.373 10  1    0 1440
 27    5.349   -0.331 10  1    0 1440
 28   -2.261   -3.279 10  1    0 1440
 29    3.961   -0.155 10  1    0 1440
 30    1.670   -2.275 10  1    0 1440
 31   -5.124   -1.376 10  1    0 1440
 32   -2.991    1.438 10  1    0 1440
 33   -7.044   -2.791 10  1    0 1440
 34   -7.539   -3.081 10  1    0 1440
 35    1.059   -2.893 10  1    0 1440
 36    8.634   -4.594 10  1    0 1440
 37    0.386    3.458 10  1    0 1440
 38   -3.760   -4.211 10  1    0 1440
 39    6.944    0.138 10  1    0 1440
 40   -1.382    0.125 10  1    0 1440
 41   -2.712   -3.804 10  1    0 1440
 42   -6.935   -1.473 10  1    0 1440
 43    5.857    2.935 10  1    0 1440
 44    5.810    3.170 10  1    0 1440
 45   -6.225   -1.643 10  1    0 1440
 46   -6.638    1.359 10  1    0 1440
 47    6.803   -1.248 10  1    0 1440
 48   -3.070   -4.168 10  1    0 1440
 49   -5.539   -5.105 10  1    0 1440
 50    3.624   -0.265 10  1    0 1440
 51   -0.122    0.559 10  1    0 1440
 52    1.028   -2.395 10  1    0 1440
 53   -0.716    3.686 10  1    0 1440
 54   -9.020    6.117 10  1    0 1440
 55    4.637    6.508 10  1    0 1440
 56    1.335    3.137 10  1    0 1440
 57   -7.357   -2.884 10  1    0 1440
 58   -4.153   -3.710 10  1    0 1440
 59   -6.094   -2.725 10  1    0 1440
 60    3.831    5.438 10  1    0 1440
 61    2.631    1.198 10  1    0 1440
 62    1.030   -4.835 10  1    0 1440
 63    5.242   -2.836 10  1    0 1440
 64   -4.376   -3.934 10  1    0 1440
 65    4.932    1.139 10  1    0 1440
 66    4.559    0.435 10  1    0 1440
 67   -2.599   -1.581 10  1    0 1440
 68    6.525   -5.963 10  1    0 1440
 69    1.211   -3.439 10  1    0 1440
 70    1.239   -1.625 10  1    0 1440
 71    0.053    6.961 10  1    0 1440
 72   -0.868    0.777 10  1    0 1440
 73    4.147   -3.502 10  1    0 1440
 74    1.186   -3.497 10  1    0 1440
 75   -0.131   -5.806 10  1    0 1440
 76    0.602   -3.102 10  1    0 1440
 77    0.179   -3.254 10  1    0 1440
 78    2.927   -0.649 10  1    0 1440
 79    2.395    1.074 10  1    0 1440
 80   -6.589    4.091 10  1    0 1440
 81   -1.010    2.626 10  1    0 1440
 82    5.809    6.735 10  1    0 1440
 83    9.002    0.948 10  1    0 1440
 84   -0.662    1.522 10  1    0 1440
 85    1.146   -4.100  0  0  289  369
 86   -7.000   -9.000  0  0  421  499
 87   -5.000    1.500  0  0  437  524
 88    4.000    2.000  0  0  452  540
 89    6.000   -3.000  0  0  512  575
 90    5.000   -1.400  0  0  307  398
 91   -2.843   -6.230  0  0  345  408
 92    4.174   -2.758  0  0  529  594
 93   -3.869    5.261  0  0  413  488
 94   -5.232    2.679  0  0  294  354
 95    2.857   -4.312  0  0  357  409
 96    7.520   -0.154  0  0  408  476
 97   -1.391   -5.127  0  0  531  583
 98   -0.287   -4.284 10  1  423  451
 99   -3.771   -0.731 10  1  129  148
100    4.417   -1.122 10  1  436  462
101   -5.870   -0.281 10  1  334  355
102   -0.391    1.007 10  1  461  489
103   -4.137   -0.150 10  1  133  161
104    5.818    2.756 10  1  267  291
105   -6.386    2.615 10  1  433  454
106   -5.679   -1.592 10  1  182  208
107    2.222   -2.751 10  1   72  101
108   -0.103   -1.484 10  1   98  132
109   -5.770   -1.048 10  1  378  403
110    8.085    0.630 10  1  458  495
111    0.289    1.082 10  1  111  140
112   -3.739   -0.780 10  1  221  264
113   -3.360   -2.674 10  1  225  247
114    9.520    2.423 10  1  228  259
115   -1.390    2.933 10  1  227  250
116   -5.346    0.930 10  1  454  470
117    6.758    1.301 10  1  281  322
118   -8.388   -5.327 10  1  273  309
119    3.026   -7.243 10  1  200  215
120   -2.233   -2.054 10  1   74   95
121    0.374   -3.546 10  1  145  169
122   -2.009   -4.398 10  1  310  331
123   -4.769   -2.110 10  1  403  438
124   -2.045   -1.385 10  1  424  456
125    3.452    0.397 10  1   81  120
126    2.051   -1.188 10  1  203  223
127   -4.604   -2.256 10  1  180  216
128   -3.963    2.538 10  1  115  150
129   -0.102    5.043 10  1  470  500
130   -2.863    2.349 10  1  161  187
131   -5.300   -1.625 10  1  408  428
132   -0.335   -2.295 10  1  239  264
133   -6.264   -2.635 10  1   92  135
134    2.540    0.053 10  1   84  111
135   -2.990    7.292 10  1  453  470
136    2.663    0.197 10  1  326  345
137   -0.981    3.500 10  1  235  256
138   -0.776   -4.243 10  1  216  238
139    2.892   -0.712 10  1  445  467
140    4.769    3.611 10  1  400  444
141   -5.317    0.521 10  1   84  103
142    1.756    1.321 10  1  121  146
143    0.684   -0.250 10  1  429  452
144   -1.732    9.726 10  1   71  111
145    2.241    2.653 10  1  400  423
146   -7.309   -1.325 10  1  157  191
147   -6.500   -0.458 10  1  248  282
148   -3.491   -4.390 10  1  478  508
149   -9.235   -0.452 10  1  310  326
150    0.065   -0.850 10  1  453  483
151    0.505   -3.732 10  1  122  154
152   -1.908   -1.418 10  1  343  375
153   -7.170   -1.145 10  1  397  413
154   -4.558   -2.872 10  1  397  433
155   -2.835   -2.391 10  1  181  214
156   -1.649    3.092 10  1  350  375
157   -8.342   -2.093 10  1  382  422
158   -1.205   -2.061 10  1  351  385
159   -0.718   -6.372 10  1  108  144
160    3.455   -0.888 10  1  272  314
161   -0.487    7.369 10  1  475  512
162   -3.601   -0.388 10  1  297  325
163   -2.840   -2.182 10  1  227  258
164   -5.628   -1.511 10  1  464  508
165   -1.102    4.215 10  1  320  362
166   -6.309   -6.257 10  1  281  319
167    2.949    7.994 10  1  258  279
168   -6.567   -0.024 10  1  201  224
169    4.613   -2.042 10  1  165  184
170    0.158   -1.636 10 -1  478  509
171    4.028   -0.138 10 -1  376  411
172   -1.527    4.225 10 -1  433  463
173    3.322   -1.661 10 -1  281  313
174   -7.239    1.307 10 -1  130  164
175   -2.449    0.527 10 -1  188  223
176   -0.660   -3.096 10 -1  298  321
177    3.129    2.133 10 -1  233  252
178    2.056    0.038 10 -1  368  407
179   -6.720   -4.134 10 -1  352  387
180    2.217   -4.037 10 -1  399  423
181    3.116    0.222 10 -1  311  336
182    7.463    3.022 10 -1   95  112
183    6.070    8.112 10 -1  285  312
184   -6.074    2.413 10 -1  205  243
185    0.198    1.752 10 -1  295  320
186   -8.057   -3.820 10 -1  197  221
187   -4.993   -3.671 10 -1   72   93
188   -6.045   -2.782 10 -1  409  440
189   -7.875   -4.423 10 -1  396  411
190    5.426   -0.926 10 -1  143  161
191   -4.206   -2.664 10 -1  343  380
192   -5.734   -1.672 10 -1  228  245
193   -0.128   -1.333 10 -1  438  457
194   -2.416    3.920 10 -1  438  470
195    1.791   -4.044 10 -1  410  446
196    5.983   -0.367 10 -1  443  470
197   -0.351    0.626 10 -1   78  122
198    4.017    0.859 10 -1  270  302
199   -0.169   -5.438 10 -1  236  276
200   -3.603   -1.707 10 -1  214  258
201    0.728   -0.414 10 -1  140  175
202    3.022   -0.683 10 -1  183  204
203   -2.638   -6.306 10 -1  442  460
204    2.877   -0.003 10 -1  387  423
205    0.263    0.507 10 -1  113  157
206    0.360   -2.160 10 -1  403  442
207   -6.495   -1.096 10 -1  372  393
208    1.867   -4.101 10 -1  435  469
209    2.929    1.280 10 -1  209  247
210    0.453    2.665 10 -1  161  181
211    2.536    2.972 10 -1  272  291
212    5.735   -1.540 10 -1  321  352
213   -1.157   -1.901 10 -1  124  142
214   -4.544   -7.181 10 -1  114  146
215    0.220   -0.356 10 -1  468  497
216   -0.185   -2.448 10 -1  292  311
217   -5.985   -4.894 10 -1  141  181
218    7.008   -1.782 10 -1  221  239
219   -0.493    2.875 10 -1  468  487
220   -4.662   -2.353 10 -1  403  420
221   -4.987   -3.534 10 -1  119  153
222   -6.750    0.814 10 -1  439  480
223    3.119   -1.824 10 -1  420  458
224   -4.214   -5.270 10 -1  283  304
225   -1.509    1.893 10 -1  308  346
226   -7.862   -2.434 10 -1  229  246
227    5.147   -0.961 10 -1  449  464
228    2.999   -3.106 10 -1  331  348
229    4.674    0.145 10 -1  122  160
230   -5.295    3.174 10 -1  334  352
231    1.054   -6.143 10 -1  175  196
232   -1.595   -5.601 10 -1  179  208
233   -0.778   -5.473 10 -1   81  116
234    1.105   -2.091 10 -1  301  316
235   -2.436   -2.305 10 -1  409  435
236    0.295   -2.040 10 -1  111  155
237   -8.265    2.432 10 -1   72   87
238   -1.213    4.207 10 -1  421  462
239   -9.803   -3.636 10 -1  405  431
240   -6.110   -1.348 10 -1  102  129
241   -3.914    0.629 10 -1  192  234
242    4.118    0.797 10 -1    0 1440
243    0.425    1.983 10 -1    0 1440
244   -3.414   -3.792 10 -1    0 1440
245   -0.456    2.357 10 -1    0 1440
246    3.789   -0.195 10 -1    0 1440
247    7.826    1.594 10 -1    0 1440
248   -0.866   -2.511 10 -1    0 1440
249    1.007    3.716 10 -1    0 1440
250   -4.262   -4.699 10 -1    0 1440
251    9.216   -9.418 10 -1    0 1440
252    3.220   -3.984 10 -1    0 1440
253   -5.523   -1.503 10 -1    0 1440
254   -2.675   -2.149 10 -1    0 1440
255   -7.551   -0.071 10 -1    0 1440
256    3.402    1.266 10 -1    0 1440
257   -0.264   -2.083 10 -1    0 1440
258    5.337    1.377 10 -1    0 1440
259   -1.495   -4.026 10 -1    0 1440
260    6.783    0.575 10 -1    0 1440
261   -1.322   -2.603 10 -1    0 1440
262    0.417   -3.262 10 -1    0 1440
263   -2.605   -3.331 10 -1    0 1440
264    3.196   -4.570 10 -1    0 1440
265    9.682    2.621 10 -1    0 1440
266   -4.470   -3.785 10 -1    0 1440
267    3.342    1.179 10 -1    0 1440
268   -3.519    1.923 10 -1    0 1440
269   -1.423   -7.499 10 -1    0 1440
270    3.716   -0.084 10 -1    0 1440
271   -5.170   -2.645 10 -1    0 1440
272    2.353    0.590 10 -1    0 1440
273   -1.843    5.371 10 -1    0 1440
274   -1.134   -1.762 10 -1    0 1440
275   -0.781   -3.590 10 -1    0 1440
276    0.352    2.694 10 -1    0 1440
277   -4.659   -2.227 10 -1    0 1440
278   -0.300   -0.055 10 -1    0 1440
279    3.215    1.715 10 -1    0 1440
280    3.202    1.301 10 -1    0 1440
281   -0.663    2.989 10 -1    0 1440
282    7.778   -2.540 10 -1    0 1440
283    3.071    6.570 10 -1    0 1440
284   -4.381   -4.304 10 -1    0 1440
285    4.956    1.683 10 -1    0 1440
286   -2.893   -0.044 10 -1    0 1440
287    4.036    1.638 10 -1    0 1440
288    2.275    4.067 10 -1    0 1440
289   -0.147    0.657 10 -1    0 1440
290   -0.119    1.686 10 -1    0 1440
291    0.803    4.182 10 -1    0 1440
292   -4.402   -2.278 10 -1    0 1440
293    1.237   -1.135 10 -1    0 1440
294    3.328    1.588 10 -1    0 1440
295   -3.479   -1.504 10 -1    0 1440
296   -9.686   -1.939 10 -1    0 1440
297    3.843   -0.535 10 -1    0 1440
298   -2.539    0.022 10 -1    0 1440
299    0.085   -3.186 10 -1    0 1440
300   -2.402    9.569 10 -1    0 1440
301   -0.427    3.547 10 -1    0 1440
302   -0.693    0.185 10 -1    0 1440
303   -7.095   -0.322 10 -1    0 1440
304   -3.265   -1.652 10 -1    0 1440
305    4.286   -2.168 10 -1    0 1440
306    0.518    0.640 10 -1    0 1440
307    3.692   -0.499 10 -1    0 1440
308    4.959    2.778 10 -1    0 1440
309    4.504    1.079 10 -1    0 1440
310    0.769    1.406 10 -1    0 1440
311   -6.091    1.864 10 -1    0 1440
312   -6.450    0.892 10 -1    0 1440
313    3.716   -1.499 10 -1    0 1440